Global_channel	X(mm)	Y(mm)
30	0	-1
31	0.390625	-1
28	0.78125	-1
29	1.171875	-1
26	1.5625	-1
27	1.953125	-1
24	2.34375	-1
25	2.734375	-1
22	3.125	-1
23	3.515625	-1
20	3.90625	-1
21	4.296875	-1
18	4.6875	-1
19	5.078125	-1
16	5.46875	-1
17	5.859375	-1
14	6.25	-1
15	6.640625	-1
12	7.03125	-1
13	7.421875	-1
10	7.8125	-1
11	8.203125	-1
8	8.59375	-1
9	8.984375	-1
6	9.375	-1
7	9.765625	-1
4	10.15625	-1
5	10.546875	-1
2	10.9375	-1
3	11.328125	-1
0	11.71875	-1
1	12.109375	-1
32	12.5	-1
33	12.890625	-1
34	13.28125	-1
35	13.671875	-1
36	14.0625	-1
37	14.453125	-1
38	14.84375	-1
39	15.234375	-1
40	15.625	-1
41	16.015625	-1
42	16.40625	-1
43	16.796875	-1
44	17.1875	-1
45	17.578125	-1
46	17.96875	-1
47	18.359375	-1
48	18.75	-1
49	19.140625	-1
50	19.53125	-1
51	19.921875	-1
52	20.3125	-1
53	20.703125	-1
54	21.09375	-1
55	21.484375	-1
56	21.875	-1
57	22.265625	-1
58	22.65625	-1
59	23.046875	-1
60	23.4375	-1
61	23.828125	-1
62	24.21875	-1
63	24.609375	-1
94	25	-1
95	25.390625	-1
92	25.78125	-1
93	26.171875	-1
90	26.5625	-1
91	26.953125	-1
88	27.34375	-1
89	27.734375	-1
86	28.125	-1
87	28.515625	-1
84	28.90625	-1
85	29.296875	-1
82	29.6875	-1
83	30.078125	-1
80	30.46875	-1
81	30.859375	-1
78	31.25	-1
79	31.640625	-1
76	32.03125	-1
77	32.421875	-1
74	32.8125	-1
75	33.203125	-1
72	33.59375	-1
73	33.984375	-1
70	34.375	-1
71	34.765625	-1
68	35.15625	-1
69	35.546875	-1
66	35.9375	-1
67	36.328125	-1
64	36.71875	-1
65	37.109375	-1
96	37.5	-1
97	37.890625	-1
98	38.28125	-1
99	38.671875	-1
100	39.0625	-1
101	39.453125	-1
102	39.84375	-1
103	40.234375	-1
104	40.625	-1
105	41.015625	-1
106	41.40625	-1
107	41.796875	-1
108	42.1875	-1
109	42.578125	-1
110	42.96875	-1
111	43.359375	-1
112	43.75	-1
113	44.140625	-1
114	44.53125	-1
115	44.921875	-1
116	45.3125	-1
117	45.703125	-1
118	46.09375	-1
119	46.484375	-1
120	46.875	-1
121	47.265625	-1
122	47.65625	-1
123	48.046875	-1
124	48.4375	-1
125	48.828125	-1
126	49.21875	-1
127	49.609375	-1
158	50	-1
159	50.390625	-1
156	50.78125	-1
157	51.171875	-1
154	51.5625	-1
155	51.953125	-1
152	52.34375	-1
153	52.734375	-1
150	53.125	-1
151	53.515625	-1
148	53.90625	-1
149	54.296875	-1
146	54.6875	-1
147	55.078125	-1
144	55.46875	-1
145	55.859375	-1
142	56.25	-1
143	56.640625	-1
140	57.03125	-1
141	57.421875	-1
138	57.8125	-1
139	58.203125	-1
136	58.59375	-1
137	58.984375	-1
134	59.375	-1
135	59.765625	-1
132	60.15625	-1
133	60.546875	-1
130	60.9375	-1
131	61.328125	-1
128	61.71875	-1
129	62.109375	-1
160	62.5	-1
161	62.890625	-1
162	63.28125	-1
163	63.671875	-1
164	64.0625	-1
165	64.453125	-1
166	64.84375	-1
167	65.234375	-1
168	65.625	-1
169	66.015625	-1
170	66.40625	-1
171	66.796875	-1
172	67.1875	-1
173	67.578125	-1
174	67.96875	-1
175	68.359375	-1
176	68.75	-1
177	69.140625	-1
178	69.53125	-1
179	69.921875	-1
180	70.3125	-1
181	70.703125	-1
182	71.09375	-1
183	71.484375	-1
184	71.875	-1
185	72.265625	-1
186	72.65625	-1
187	73.046875	-1
188	73.4375	-1
189	73.828125	-1
190	74.21875	-1
191	74.609375	-1
222	75	-1
223	75.390625	-1
220	75.78125	-1
221	76.171875	-1
218	76.5625	-1
219	76.953125	-1
216	77.34375	-1
217	77.734375	-1
214	78.125	-1
215	78.515625	-1
212	78.90625	-1
213	79.296875	-1
210	79.6875	-1
211	80.078125	-1
208	80.46875	-1
209	80.859375	-1
206	81.25	-1
207	81.640625	-1
204	82.03125	-1
205	82.421875	-1
202	82.8125	-1
203	83.203125	-1
200	83.59375	-1
201	83.984375	-1
198	84.375	-1
199	84.765625	-1
196	85.15625	-1
197	85.546875	-1
194	85.9375	-1
195	86.328125	-1
192	86.71875	-1
193	87.109375	-1
224	87.5	-1
225	87.890625	-1
226	88.28125	-1
227	88.671875	-1
228	89.0625	-1
229	89.453125	-1
230	89.84375	-1
231	90.234375	-1
232	90.625	-1
233	91.015625	-1
234	91.40625	-1
235	91.796875	-1
236	92.1875	-1
237	92.578125	-1
238	92.96875	-1
239	93.359375	-1
240	93.75	-1
241	94.140625	-1
242	94.53125	-1
243	94.921875	-1
244	95.3125	-1
245	95.703125	-1
246	96.09375	-1
247	96.484375	-1
248	96.875	-1
249	97.265625	-1
250	97.65625	-1
251	98.046875	-1
252	98.4375	-1
253	98.828125	-1
254	99.21875	-1
255	99.609375	-1
286	-1	0
287	-1	0.390625
284	-1	0.78125
285	-1	1.171875
282	-1	1.5625
283	-1	1.953125
280	-1	2.34375
281	-1	2.734375
278	-1	3.125
279	-1	3.515625
276	-1	3.90625
277	-1	4.296875
274	-1	4.6875
275	-1	5.078125
272	-1	5.46875
273	-1	5.859375
270	-1	6.25
271	-1	6.640625
268	-1	7.03125
269	-1	7.421875
266	-1	7.8125
267	-1	8.203125
264	-1	8.59375
265	-1	8.984375
262	-1	9.375
263	-1	9.765625
260	-1	10.15625
261	-1	10.546875
258	-1	10.9375
259	-1	11.328125
256	-1	11.71875
257	-1	12.109375
288	-1	12.5
289	-1	12.890625
290	-1	13.28125
291	-1	13.671875
292	-1	14.0625
293	-1	14.453125
294	-1	14.84375
295	-1	15.234375
296	-1	15.625
297	-1	16.015625
298	-1	16.40625
299	-1	16.796875
300	-1	17.1875
301	-1	17.578125
302	-1	17.96875
303	-1	18.359375
304	-1	18.75
305	-1	19.140625
306	-1	19.53125
307	-1	19.921875
308	-1	20.3125
309	-1	20.703125
310	-1	21.09375
311	-1	21.484375
312	-1	21.875
313	-1	22.265625
314	-1	22.65625
315	-1	23.046875
316	-1	23.4375
317	-1	23.828125
318	-1	24.21875
319	-1	24.609375
350	-1	25
351	-1	25.390625
348	-1	25.78125
349	-1	26.171875
346	-1	26.5625
347	-1	26.953125
344	-1	27.34375
345	-1	27.734375
342	-1	28.125
343	-1	28.515625
340	-1	28.90625
341	-1	29.296875
338	-1	29.6875
339	-1	30.078125
336	-1	30.46875
337	-1	30.859375
334	-1	31.25
335	-1	31.640625
332	-1	32.03125
333	-1	32.421875
330	-1	32.8125
331	-1	33.203125
328	-1	33.59375
329	-1	33.984375
326	-1	34.375
327	-1	34.765625
324	-1	35.15625
325	-1	35.546875
322	-1	35.9375
323	-1	36.328125
320	-1	36.71875
321	-1	37.109375
352	-1	37.5
353	-1	37.890625
354	-1	38.28125
355	-1	38.671875
356	-1	39.0625
357	-1	39.453125
358	-1	39.84375
359	-1	40.234375
360	-1	40.625
361	-1	41.015625
362	-1	41.40625
363	-1	41.796875
364	-1	42.1875
365	-1	42.578125
366	-1	42.96875
367	-1	43.359375
368	-1	43.75
369	-1	44.140625
370	-1	44.53125
371	-1	44.921875
372	-1	45.3125
373	-1	45.703125
374	-1	46.09375
375	-1	46.484375
376	-1	46.875
377	-1	47.265625
378	-1	47.65625
379	-1	48.046875
380	-1	48.4375
381	-1	48.828125
382	-1	49.21875
383	-1	49.609375
414	-1	50
415	-1	50.390625
412	-1	50.78125
413	-1	51.171875
410	-1	51.5625
411	-1	51.953125
408	-1	52.34375
409	-1	52.734375
406	-1	53.125
407	-1	53.515625
404	-1	53.90625
405	-1	54.296875
402	-1	54.6875
403	-1	55.078125
400	-1	55.46875
401	-1	55.859375
398	-1	56.25
399	-1	56.640625
396	-1	57.03125
397	-1	57.421875
394	-1	57.8125
395	-1	58.203125
392	-1	58.59375
393	-1	58.984375
390	-1	59.375
391	-1	59.765625
388	-1	60.15625
389	-1	60.546875
386	-1	60.9375
387	-1	61.328125
384	-1	61.71875
385	-1	62.109375
416	-1	62.5
417	-1	62.890625
418	-1	63.28125
419	-1	63.671875
420	-1	64.0625
421	-1	64.453125
422	-1	64.84375
423	-1	65.234375
424	-1	65.625
425	-1	66.015625
426	-1	66.40625
427	-1	66.796875
428	-1	67.1875
429	-1	67.578125
430	-1	67.96875
431	-1	68.359375
432	-1	68.75
433	-1	69.140625
434	-1	69.53125
435	-1	69.921875
436	-1	70.3125
437	-1	70.703125
438	-1	71.09375
439	-1	71.484375
440	-1	71.875
441	-1	72.265625
442	-1	72.65625
443	-1	73.046875
444	-1	73.4375
445	-1	73.828125
446	-1	74.21875
447	-1	74.609375
478	-1	75
479	-1	75.390625
476	-1	75.78125
477	-1	76.171875
474	-1	76.5625
475	-1	76.953125
472	-1	77.34375
473	-1	77.734375
470	-1	78.125
471	-1	78.515625
468	-1	78.90625
469	-1	79.296875
466	-1	79.6875
467	-1	80.078125
464	-1	80.46875
465	-1	80.859375
462	-1	81.25
463	-1	81.640625
460	-1	82.03125
461	-1	82.421875
458	-1	82.8125
459	-1	83.203125
456	-1	83.59375
457	-1	83.984375
454	-1	84.375
455	-1	84.765625
452	-1	85.15625
453	-1	85.546875
450	-1	85.9375
451	-1	86.328125
448	-1	86.71875
449	-1	87.109375
480	-1	87.5
481	-1	87.890625
482	-1	88.28125
483	-1	88.671875
484	-1	89.0625
485	-1	89.453125
486	-1	89.84375
487	-1	90.234375
488	-1	90.625
489	-1	91.015625
490	-1	91.40625
491	-1	91.796875
492	-1	92.1875
493	-1	92.578125
494	-1	92.96875
495	-1	93.359375
496	-1	93.75
497	-1	94.140625
498	-1	94.53125
499	-1	94.921875
500	-1	95.3125
501	-1	95.703125
502	-1	96.09375
503	-1	96.484375
504	-1	96.875
505	-1	97.265625
506	-1	97.65625
507	-1	98.046875
508	-1	98.4375
509	-1	98.828125
510	-1	99.21875
511	-1	99.609375